18 0.225272 0.500975 0.007905 0.015030
11 0.211656 0.476088 0.005412 0.005325
1 0.152600 0.507550 0.001750 0.022200
15 0.251775 0.580525 0.008550 0.025850
16 0.956539 0.460981 0.008621 0.068547
1 0.242325 0.526612 0.013400 0.097125
1 0.225264 0.518125 0.007835 0.049355
1 0.944546 0.502603 0.002456 0.070245
9 0.133894 0.482913 0.040538 0.096975
11 0.119436 0.479973 0.003615 0.014820
1 0.442597 0.516332 0.003207 0.030180
0 0.611756 0.491750 0.009437 0.031600
1 0.805479 0.498967 0.002851 0.019915
1 0.963319 0.505575 0.001817 0.035100
9 0.221469 0.492375 0.026387 0.045200
11 0.233447 0.493503 0.002339 0.010265
17 0.242394 0.490038 0.013662 0.008125
17 0.222200 0.473825 0.007525 0.003550
1 0.122456 0.508763 0.003784 0.042210
18 0.225138 0.510400 0.005100 0.004500
18 0.216963 0.472962 0.002475 0.005175
1 0.001325 0.503215 0.002190 0.072450
1 0.611804 0.534878 0.009446 0.117685
