12 0.599489 0.497424 0.012812 0.160393
11 0.147403 0.283010 0.037794 0.070780
11 0.205545 0.460108 0.008852 0.042580
18 0.228618 0.515273 0.003506 0.011470
18 0.228618 0.494345 0.005234 0.032415
11 0.541893 0.474175 0.003774 0.018720
1 0.725741 0.536987 0.003035 0.180835
0 0.055019 0.501738 0.003938 0.009975
1 0.920679 0.505062 0.002180 0.034125
11 0.537347 0.475006 0.005466 0.020098
1 0.383276 0.517857 0.003979 0.041605
0 0.055063 0.491788 0.003950 0.010075
0 0.303043 0.501109 0.008091 0.016258
1 0.055060 0.510195 0.003982 0.046850
9 0.165878 0.416705 0.088173 0.341585
18 0.507687 0.436638 0.005150 0.010325
0 0.383294 0.502825 0.003899 0.011440
1 0.881241 0.514273 0.010054 0.099670
20 0.561100 0.489125 0.005300 0.012950
11 0.598128 0.440012 0.010188 0.045465
17 0.187194 0.343034 0.016855 0.050987
15 0.890819 0.546050 0.005045 0.016535
17 0.518088 0.437840 0.014779 0.007060
9 0.517231 0.481938 0.054413 0.103275
1 0.303017 0.522000 0.008115 0.058100
1 0.228281 0.532995 0.005609 0.109480
1 0.073957 0.511605 0.003945 0.058650
11 0.556797 0.459427 0.008889 0.030050
11 0.497175 0.443225 0.011400 0.010750
20 0.881656 0.469000 0.006938 0.009300
12 0.558931 0.497849 0.012975 0.106162
17 0.881581 0.477837 0.009363 0.008425
